name: pomegranate_env
channels:
  - conda-forge
  - defaults
dependencies:
  - asttokens=2.4.1=pyhd8ed1ab_0
  - backcall=0.2.0=pyh9f0ad1d_0
  - bzip2=1.0.8=h2466b09_7
  - ca-certificates=2024.7.4=h56e8100_0
  - colorama=0.4.6=pyhd8ed1ab_0
  - comm=0.2.2=pyhd8ed1ab_0
  - debugpy=1.8.2=py38h2698bfa_0
  - decorator=5.1.1=pyhd8ed1ab_0
  - executing=2.0.1=pyhd8ed1ab_0
  - importlib-metadata=8.0.0=pyha770c72_0
  - importlib_metadata=8.0.0=hd8ed1ab_0
  - ipykernel=6.29.5=pyh4bbf305_0
  - ipython=8.12.2=pyh08f2357_0
  - jedi=0.19.1=pyhd8ed1ab_0
  - jupyter_client=8.6.2=pyhd8ed1ab_0
  - jupyter_core=5.7.2=py38haa244fe_0
  - krb5=1.21.3=hdf4eb48_0
  - libffi=3.4.2=h8ffe710_5
  - libsodium=1.0.18=h8d14728_1
  - libsqlite=3.46.0=h2466b09_0
  - libzlib=1.3.1=h2466b09_1
  - matplotlib-inline=0.1.7=pyhd8ed1ab_0
  - nest-asyncio=1.6.0=pyhd8ed1ab_0
  - openssl=3.3.1=h2466b09_2
  - packaging=24.1=pyhd8ed1ab_0
  - parso=0.8.4=pyhd8ed1ab_0
  - pickleshare=0.7.5=py_1003
  - pip=24.0=pyhd8ed1ab_0
  - platformdirs=4.2.2=pyhd8ed1ab_0
  - prompt-toolkit=3.0.47=pyha770c72_0
  - prompt_toolkit=3.0.47=hd8ed1ab_0
  - psutil=6.0.0=py38h4cb3324_0
  - pure_eval=0.2.2=pyhd8ed1ab_0
  - pygments=2.18.0=pyhd8ed1ab_0
  - python=3.8.19=h4de0772_0_cpython
  - python-dateutil=2.9.0=pyhd8ed1ab_0
  - python_abi=3.8=4_cp38
  - pywin32=306=py38hd3f51b4_2
  - pyzmq=26.0.3=py38h3c56b06_0
  - setuptools=71.0.1=pyhd8ed1ab_0
  - six=1.16.0=pyh6c4a22f_0
  - stack_data=0.6.2=pyhd8ed1ab_0
  - tk=8.6.13=h5226925_1
  - tornado=6.4.1=py38h4cb3324_0
  - traitlets=5.14.3=pyhd8ed1ab_0
  - typing_extensions=4.12.2=pyha770c72_0
  - ucrt=10.0.22621.0=h57928b3_0
  - vc=14.3=h8a93ad2_20
  - vc14_runtime=14.40.33810=ha82c5b3_20
  - vs2015_runtime=14.40.33810=h3bf8584_20
  - wcwidth=0.2.13=pyhd8ed1ab_0
  - wheel=0.43.0=pyhd8ed1ab_1
  - xz=5.2.6=h8d14728_0
  - zeromq=4.3.5=he1f189c_4
  - zipp=3.19.2=pyhd8ed1ab_0
  - pip:
      - apricot-select==0.6.1
      - filelock==3.15.4
      - fsspec==2024.6.1
      - intel-openmp==2021.4.0
      - jinja2==3.1.4
      - joblib==1.4.2
      - llvmlite==0.41.1
      - markupsafe==2.1.5
      - mkl==2021.4.0
      - mpmath==1.3.0
      - networkx==3.1
      - nose==1.3.7
      - numba==0.58.1
      - numpy==1.24.4
      - pomegranate==0.14.7
      - pyyaml==6.0.1
      - scikit-learn==1.3.2
      - scipy==1.10.1
      - sympy==1.13.1
      - tbb==2021.13.0
      - threadpoolctl==3.5.0
      - torch==2.3.1
      - tqdm==4.66.4
prefix: C:\anaconda\envs\pomegranate_env
